osmID	Custo_Final
24603120	4.7
24603124	7.9
24603147	4.263636364
24603400	4.263636364
24603432	4.823076923
24603579	4.263636364
24603582	4.263636364
24603589	4.263636364
24603594	5.042857143
24603597	4.263636364
24603598	4.263636364
24603601	4.263636364
24603630	4.263636364
24603650	4.263636364
24791588	4.7
24791905	4.263636364
24791917	4.263636364
45190181	4.263636364
45190182	4.263636364
45190183	3.455555556
70003512	4.263636364
120566673	4.263636364
164247170	4.263636364
164767491	4.263636364
164767495	4.263636364
194261862	4.263636364
229262692	4.263636364
229262693	4.263636364
229262694	4.263636364
229262695	4.263636364
229262696	4.263636364
229262697	4.263636364
248442595	4.263636364
248442600	4.263636364
252847061	4.263636364
252847062	4.263636364
252847063	4.263636364
258949111	2.46
259570098	7.011111111
261123573	5.042857143
261123576	5.042857143
261124519	5.042857143
261124520	5.042857143
261124577	5.042857143
261124663	5.042857143
261124669	5.042857143
261124670	5.042857143
261124676	5.042857143
261124930	5.042857143
261125024	5.042857143
261125029	5.042857143
261125125	5.042857143
261125126	5.042857143
261125153	5.042857143
261125171	5.042857143
262401440	4.263636364
262401441	4.263636364
262476536	5.66
262476538	4.823076923
262476539	2.642857143
262609532	4.263636364
262609534	4.263636364
281464498	4.263636364
301576035	5.042857143
328038342	5.042857143
328038344	5.042857143
328038346	5.042857143
328038347	4.263636364
328042149	5.042857143
328042156	5.042857143
328042158	5.042857143
328042159	5.042857143
328042161	5.042857143
340941546	4.263636364
356390381	4.263636364
356391524	4.263636364
356392632	4.263636364
356392699	4.263636364
356392700	4.263636364
370227435	4.263636364
370227436	4.263636364
372075856	4.263636364
373152156	7.011111111
373514241	4.263636364
376396118	4.263636364
386052065	7.1
386052067	5.66
386052068	7.9
386052078	4.263636364
390289253	4.263636364
390289256	5.233333333
390289258	4.263636364
395874364	4.263636364
407975484	4.7
407975485	4.263636364
407975487	7.9
408005430	7.011111111
411453354	3.455555556
416607228	5.042857143
430326329	5.233333333
448208099	4.566666667
448208100	4.566666667
448307276	4.263636364
448307278	4.823076923
448307280	5.385714286
448307283	4.263636364
465873557	4.263636364
472093894	4.263636364
472093895	7.011111111
472108283	5.66
472108284	6.676470588
472108297	7.9
474700255	5.66
489148829	7.011111111
489148830	7.011111111
517108440	4.263636364
542357075	5.042857143
559455246	4.263636364
630090975	4.263636364
630090976	4.263636364
630090977	4.263636364
630090979	4.263636364
630090981	4.263636364
630090982	4.263636364
630090984	4.263636364
630090986	4.263636364
630090988	4.263636364
630090990	4.263636364
637337403	5.263636364
640338070	5.263636364
640338071	4.263636364
640338073	4.263636364
640338074	4.263636364
645049212	4.263636364
645049213	4.263636364
650395627	4.263636364
650395628	4.263636364
650395629	4.263636364
650395630	4.263636364
650395631	4.263636364
655797502	4.263636364
657095950	5.263636364
659237714	5.263636364
659596360	4.263636364
659596361	6.263636364
659596362	4.263636364
659596363	4.263636364
659596364	4.263636364
659596365	4.263636364
659596366	4.263636364
659596367	5.263636364
659608762	4.263636364
659608763	4.263636364
659608764	5.263636364
659697730	4.263636364
659697731	4.263636364
660018987	7.9
660018990	4.263636364
660018991	5.263636364
660018992	4.263636364
660018993	5.263636364
662714014	4.263636364
668170481	4.263636364
672433693	4.263636364
672433694	4.263636364
673865343	4.263636364
676395035	4.823076923
683611480	4.263636364
686240785	4.263636364
686240786	4.263636364
686240789	4.263636364
686240790	5.233333333
686240792	4.263636364
686240793	5.233333333
686240794	5.042857143
686240795	4.263636364
686240798	4.263636364
686240801	4.263636364
686240802	4.263636364
686240803	4.263636364
686240804	4.263636364
686240805	4.263636364
686242705	4.263636364
696205532	4.263636364
696205533	4.263636364
696205534	4.263636364
696205535	4.263636364
696205537	5.263636364
696205538	4.263636364
699688018	4.263636364
699688019	4.263636364
700194488	4.263636364
700194489	4.263636364
700194490	4.263636364
700194491	4.263636364
700194493	4.263636364
700379727	4.263636364
706206466	4.263636364
708948718	4.263636364
708948719	4.263636364
710567130	5.9
724433446	4.263636364
724433450	5.233333333
730970591	4.263636364
731586969	4.263636364
731586970	4.263636364
731586971	4.263636364
731586972	4.263636364
731586973	4.263636364
732129464	4.263636364
732129465	4.263636364
732129466	4.263636364
732129467	4.263636364
734847122	4.263636364
734847123	4.263636364
744510942	4.263636364
744510944	4.263636364
744510947	4.7
744510949	4.263636364
744510950	4.263636364
744510951	4.263636364
744510952	4.263636364
744510953	4.263636364
744510954	4.263636364
744510955	4.263636364
744510956	4.263636364
744510957	4.263636364
744510958	4.263636364
744510959	4.263636364
744510960	4.263636364
744510963	4.263636364
744510964	4.263636364
744510966	4.263636364
744510967	4.263636364
744510969	7.1
744510970	4.263636364
744510971	4.263636364
744510972	4.263636364
744510973	4.263636364
744510974	4.263636364
744513314	4.7
744513315	4.7
744513316	4.7
744513318	7.1
744513319	4.263636364
744513320	3.455555556
744513321	5.385714286
744513323	4.263636364
744513324	4.7
744513325	4.263636364
744513326	4.263636364
744513327	4.7
744513328	4.7
744513329	4.7
744513334	6.676470588
744513460	4.263636364
744514196	4.263636364
744514198	4.263636364
744514199	4.263636364
744514200	3.455555556
744514201	4.263636364
744514202	4.263636364
744514203	4.263636364
744514204	4.263636364
744514205	4.263636364
744514206	4.263636364
745450744	4.263636364
745450745	4.263636364
745450746	4.263636364
758441945	4.263636364
758447280	5.9
759287716	4.263636364
832926831	4.263636364
850345987	3.455555556
878017791	4.823076923
878035645	4.263636364
908200297	4.263636364
908200298	4.263636364
952164907	4.263636364
952164910	4.263636364
952179485	4.263636364
952179486	4.263636364
952179487	4.263636364
952179488	5.233333333
952179498	5.233333333
953192250	4.823076923
953195824	3.1
953195825	8.9
953195826	7.011111111
953195827	8.9
953195828	6.676470588
953195829	8.9
953196067	6.2
953196068	4.263636364
953196069	4.263636364
953196070	4.263636364
953196071	6.676470588
953196072	4.263636364
953196073	4.263636364
953196272	4.263636364
953196572	4.263636364
953196573	4.263636364
953197225	4.263636364
953197226	6.2
953197227	4.263636364
953197228	5.069230769
953197229	4.263636364
953197230	5.263636364
953197231	5.263636364
953197232	5.263636364
953197233	5.263636364
953197234	5.263636364
953197235	5.263636364
953197236	5.263636364
953197237	8
953197238	4.263636364
953197239	5.263636364
953197240	5.263636364
953197267	4.823076923
953197268	4.263636364
953197269	4.823076923
953197270	5.233333333
953197271	4.263636364
953197272	4.263636364
953197273	4.263636364
953197274	4.263636364
953197275	4.263636364
953197276	4.263636364
953197277	4.263636364
953197278	4.263636364
953197346	4.263636364
953198597	4.263636364
953198598	4.263636364
953198599	4.263636364
953199458	4.263636364
953199459	4.263636364
953200647	4.263636364
953200648	4.263636364
953200649	4.263636364
953200650	4.263636364
953200651	4.263636364
953200652	4.263636364
953200653	4.263636364
953200654	4.263636364
953200655	4.263636364
953200656	4.263636364
953201491	4.263636364
953201492	6.676470588
953201493	4.263636364
953201494	4.263636364
953201496	4.263636364
953201497	4.263636364
953201498	4.263636364
953201499	2.642857143
953201500	6.676470588
953201501	4.263636364
953201502	4.263636364
953201503	4.263636364
953201504	4.263636364
953201505	4.263636364
953201506	4.263636364
953201507	4.263636364
953201508	4.263636364
953201509	4.263636364
953201510	4.263636364
953201512	4.263636364
953201513	4.263636364
955378833	6.2
955378834	5.069230769
955378835	4.263636364
955378836	4.263636364
955378837	4.263636364
955412296	4.263636364
955412297	4.263636364
955412298	4.263636364
955412299	4.263636364
955412300	5.069230769
955412301	3.26
955412302	4.263636364
955412303	4.263636364
955412304	5.233333333
955412305	4.263636364
955446100	4.263636364
955446101	4.263636364
955446102	4.263636364
955446103	4.263636364
955446104	4.263636364
955446105	4.263636364
955446106	4.263636364
955446107	4.263636364
955446108	4.263636364
955446109	4.263636364
955446110	4.263636364
955446111	4.263636364
955446112	4.263636364
955446113	4.263636364
955446114	4.263636364
955446115	4.263636364
955446116	4.263636364
955446117	4.263636364
955446118	4.263636364
955446119	4.263636364
955490080	4.263636364
955490081	4.263636364
955490082	4.263636364
955490083	5.66
955490084	4.263636364
955490085	4.263636364
955490087	4.263636364
955490088	4.263636364
955490089	4.263636364
955490090	4.263636364
955490091	4.263636364
955490092	4.263636364
955490093	4.263636364
955490095	4.263636364
955490096	4.263636364
955490097	4.263636364
955490098	4.263636364
955490099	4.263636364
955490100	4.263636364
955490101	4.263636364
955490102	4.263636364
955490103	4.263636364
955490104	9.578947368
955490105	4.263636364
955490106	4.263636364
955490107	4.263636364
955504109	4.263636364
955504110	4.263636364
955504111	4.263636364
955508034	8
955508035	8
955508036	5.66
955508037	5.66
955513426	7.9
955513427	5.233333333
955513429	4.263636364
955925981	4.7
955925982	4.263636364
955925983	4.263636364
955926410	4.263636364
955926411	4.263636364
955926412	4.263636364
955926414	4.263636364
955926415	4.263636364
957379048	4.263636364
957379049	4.263636364
957382263	4.263636364
957382264	4.263636364
957382265	4.263636364
957382266	4.263636364
957382267	4.263636364
957549574	4.263636364
957549575	6.676470588
957549576	3.390909091
957549577	5.385714286
957549578	5.385714286
957549579	2.642857143
957549580	7.478947368
957618331	7.478947368
957618332	3.1
957618333	3.1
957618334	6.2
957618335	2.642857143
957618336	5.385714286
957618337	7.1
957618338	7.1
957618339	2.642857143
957618340	2.642857143
957618341	5.385714286
957618342	6.2
957618343	2.642857143
957618344	6.2
957618345	2.642857143
957618346	7.1
957619084	2.033333333
957702511	4.263636364
957702512	4.263636364
957702513	4.263636364
957702514	4.263636364
957702515	4.263636364
957702516	4.263636364
957702517	5.263636364
957702518	4.263636364
957702519	5.263636364
957702520	4.263636364
957702521	4.263636364
957702522	4.263636364
957702523	4.263636364
957702524	4.263636364
957702525	4.263636364
957702526	4.263636364
957702527	5.233333333
957702528	4.263636364
957702529	4.263636364
957702530	4.263636364
957702531	4.263636364
957702532	4.263636364
957702533	4.263636364
957702534	4.263636364
957702535	4.263636364
957702536	4.263636364
957702537	4.263636364
957702538	4.263636364
957702539	4.263636364
957702540	4.263636364
957980150	8
957987514	4.263636364
957987515	4.263636364
957987516	4.263636364
957990297	4.263636364
957990301	4.263636364
957990322	4.263636364
957990323	4.263636364
957994253	4.263636364
957994254	4.263636364
957994255	4.263636364
958046741	6.2
958046742	6.2
958046743	3.26
958046744	6.2
958046745	5.069230769
958046746	6.2
958046747	5.069230769
958046748	3.5
958046750	5.66
958046751	6.676470588
958046752	3.26
958046753	3.26
958046754	6.676470588
958046755	5.069230769
958046756	6.676470588
961034052	4.263636364
961034059	4.263636364
961034066	4.263636364
961034069	4.263636364
961718734	4.263636364
961718735	4.263636364
961718736	4.263636364
961718737	4.263636364
961718739	4.263636364
961718740	4.263636364
961718741	4.263636364
961718742	4.263636364
961718743	4.263636364
961812817	3.26
961812818	5.069230769
961812819	3.26
961812820	3.5
978849005	4.263636364
978849006	4.263636364
978849007	4.263636364
978849013	5.042857143
978849020	4.263636364
981884524	4.263636364
981884525	4.263636364
985648944	4.263636364
985648945	4.263636364
985648946	4.263636364
985648947	4.263636364
985648948	4.263636364
985648949	4.263636364
985648950	4.263636364
985648951	4.263636364
985648952	4.263636364
985648953	4.263636364
985648954	4.263636364
985648955	4.263636364
985648956	4.263636364
985648957	4.263636364
985648958	4.263636364
985648959	4.263636364
993067513	5.042857143
1024328447	4.263636364
1024328449	4.263636364
1024328451	4.263636364
1024328453	4.263636364
1024328454	4.263636364
1024328456	4.263636364
1024349305	4.263636364
1032864136	4.263636364
1036547556	4.263636364
1036551199	4.566666667
1036551200	4.263636364
1037007473	4.263636364
1037009271	4.263636364
1037199136	4.263636364
1037199137	4.263636364
1037199138	4.263636364
1037199140	4.263636364
1037991318	4.263636364
1038318397	4.263636364
1038318398	4.263636364
1038319138	4.263636364
1038329471	4.263636364
1038329472	4.263636364
1038329475	4.263636364
1039065373	4.263636364
1039065374	4.263636364
1039065375	4.263636364
1039065377	4.263636364
1039065645	4.263636364
1041163971	4.263636364
1041163972	4.263636364
1041163973	4.263636364
1041163974	4.263636364
1041163975	4.263636364
1041163976	4.263636364
1041163977	4.263636364
1041163978	4.263636364
1041535962	4.263636364
1042389552	4.7
1042389553	4.263636364
1042389645	4.7
1042389646	4.7
1042389647	4.7
1042389648	4.7
1042389649	4.7
1042389650	4.7
1042389651	4.7
1042389733	4.263636364
1042389734	4.263636364
1042389735	4.263636364
1042389736	9.9
1042389738	7.9
1042389739	6.676470588
1042390153	4.263636364
1042390257	4.263636364
1042390258	4.7
1042390259	4.263636364
1042390439	4.263636364
1042390440	4.263636364
1042390441	5.233333333
1042390442	5.233333333
1042390443	2.9
1042390444	4.566666667
1042657727	4.263636364
1042657728	4.263636364
1042657729	4.263636364
1042657730	4.263636364
1042657731	4.263636364
1042657732	4.263636364
1042657733	4.263636364
1042657734	4.263636364
1042657735	4.263636364
1042657736	4.263636364
1042657737	4.263636364
1042657738	4.263636364
1042657739	4.263636364
1042657740	4.263636364
1042657741	4.263636364
1042657742	4.263636364
1042657743	4.263636364
1042657744	4.263636364
1042657745	4.263636364
1042657746	4.263636364
1042657747	4.263636364
1042657748	4.263636364
1042657749	4.263636364
1042657750	4.263636364
1042657751	4.263636364
1042657752	5.263636364
1042657753	4.263636364
1042657754	4.263636364
1042657755	5.263636364
1042657756	4.263636364
1042657757	4.263636364
1042657758	4.263636364
1042663242	4.263636364
1042663243	4.263636364
1042663244	4.263636364
1042663245	4.263636364
1042663246	4.263636364
1042663247	4.263636364
1042663248	3.455555556
1042663249	4.263636364
1042663250	5.263636364
1042663251	6.263636364
1042663252	4.263636364
1042663253	6.676470588
1042663254	7.9
1042663255	6.676470588
1042663256	4.7
1042663257	5.66
1042663258	6.66
1042663259	8.478947368
1042663260	8.478947368
1042663261	8.9
1042663262	6.66
1042663264	4.263636364
1042663265	4.263636364
1042664596	4.263636364
1042664597	4.263636364
1042664598	4.7
1042664599	4.263636364
1042664600	7.478947368
1042664601	7.9
1042664602	4.263636364
1042667163	4.263636364
1042667164	4.263636364
1042667165	5.263636364
1042667166	4.263636364
1042667167	5.263636364
1042667168	4.263636364
1042667169	4.263636364
1042667170	4.263636364
1042667171	4.263636364
1042667172	5.263636364
1042667173	4.263636364
1042669195	4.263636364
1042669196	4.263636364
1042669197	4.263636364
1042669198	4.263636364
1042669199	4.263636364
1042669200	5.233333333
1042695835	4.263636364
1042695837	4.263636364
1042695838	4.263636364
1042695839	4.263636364
1042695841	4.263636364
1042695842	4.263636364
1042695843	4.263636364
1042695844	4.263636364
1042695845	4.263636364
1042695846	4.263636364
1042695847	4.263636364
1042695848	4.263636364
1042695849	4.263636364
1042695850	4.263636364
1042695851	4.263636364
1042695852	4.263636364
1042695853	4.263636364
1042695854	4.263636364
1042695855	4.7
1042695856	5.66
1042695857	4.7
1042695858	5.385714286
1042695860	4.263636364
1042695861	4.263636364
1042695862	4.263636364
1042695863	4.263636364
1042695864	5.385714286
1042695865	7.9
1042695866	4.7
1042695867	7.9
1042695868	4.7
1042695869	7.9
1042695870	4.263636364
1042695871	7.478947368
1042695872	7.478947368
1042695873	7.478947368
1042695874	4.263636364
1042695875	4.263636364
1042695876	4.7
1042695877	4.7
1042695878	4.7
1042695879	4.7
1042695880	4.263636364
1042695881	4.7
1042695882	4.263636364
1042695883	4.263636364
1042695884	4.263636364
1042695885	7.9
1042695886	5.263636364
1042695887	8.011111111
1042695888	4.263636364
1042698042	4.263636364
1042698043	4.263636364
1042698044	8.9
1042698045	4.263636364
1042698046	4.263636364
1042698047	4.263636364
1042698676	4.263636364
1042700513	7.9
1042700514	5.385714286
1042700515	7.9
1042939907	4.7
1042939908	5.385714286
1042939909	4.7
1042939910	4.7
1042939911	4.7
1042939912	4.7
1042939913	4.7
1042939914	4.7
1042939915	4.7
1042939916	4.7
1042939917	4.7
1042939918	4.7
1042939919	4.7
1042939920	4.7
1042939921	5.66
1042939922	4.7
1042939923	4.7
1042939924	4.7
1042939925	4.7
1042939926	5.66
1042939927	4.7
1042939928	4.263636364
1042939929	4.7
1042939931	4.7
1042939932	4.263636364
1042939933	5.66
1042939934	6.676470588
1042939935	4.7
1042939936	4.263636364
1042939937	4.7
1042939938	4.7
1042939939	4.263636364
1042939940	6.676470588
1042939941	4.7
1042939942	4.7
1042939943	4.7
1042939944	6.676470588
1042939945	7.011111111
1042939946	4.7
1042939947	4.263636364
1042939948	4.263636364
1042939949	4.263636364
1042939950	4.263636364
1042939951	4.263636364
1042939952	4.823076923
1042939953	4.823076923
1042939954	4.823076923
1042939955	4.823076923
1042939956	4.823076923
1042939957	5.385714286
1042939958	4.823076923
1042939959	6.676470588
1042939960	5.385714286
1042939961	6.676470588
1042939962	6.676470588
1042939963	6.676470588
1042939964	5.385714286
1042939965	6.676470588
1042939966	7.011111111
1042939967	5.385714286
1042939968	5.66
1042939969	5.385714286
1042939970	4.263636364
1042939971	4.7
1042939972	4.263636364
1042939973	7.9
1042939974	7.9
1042939975	5.9
1042939976	7.478947368
1042939977	7.9
1042939978	7.9
1042939979	4.7
1042939980	7.478947368
1042939981	5.9
1042939982	7.9
1042939983	7.9
1042939984	5.233333333
1042939985	5.9
1042939986	7.9
1042939987	7.478947368
1042939988	5.233333333
1042939989	7.478947368
1042939990	7.9
1042939991	7.9
1042939992	7.478947368
1042939993	5.069230769
1042939994	7.478947368
1042939995	7.011111111
1042939996	7.478947368
1042939997	7.478947368
1042939998	3.455555556
1042939999	5.66
1042940000	4.566666667
1042940001	4.263636364
1042940002	5.069230769
1042940003	6.676470588
1042940004	7.9
1042940005	7.1
1042940006	7.478947368
1042940007	5.66
1042940008	5.66
1042940009	6.2
1042940010	7.1
1042940011	5.069230769
1042940012	5.66
1042940013	7.478947368
1042940014	6.676470588
1042940015	6.676470588
1042940016	6.676470588
1042940017	6.676470588
1042940018	7.478947368
1042940019	4.7
1042940020	5.66
1042940021	7.478947368
1042940022	4.263636364
1042940023	7.478947368
1042940024	4.263636364
1042940025	4.7
1042940026	4.263636364
1042940027	5.66
1042940028	4.7
1042940029	4.7
1042940030	4.263636364
1042940031	4.7
1042940032	4.7
1042940033	4.7
1042940034	4.7
1042940035	3.1
1042940036	4.7
1042940037	4.7
1042940038	4.7
1042940040	4.7
1042940041	4.7
1042940042	4.263636364
1042940043	4.7
1042940044	4.7
1042940045	4.7
1042940046	4.7
1042940047	4.7
1042940048	4.7
1042940050	4.263636364
1042940051	4.263636364
1042940658	4.7
1042940659	4.263636364
1042940660	4.7
1042940661	4.7
1042940662	4.7
1042940663	4.263636364
1042940664	4.7
1042940665	4.7
1042940666	4.7
1042940667	4.263636364
1042940668	4.7
1042940908	4.263636364
1042940909	7.9
1042941930	4.263636364
1042941931	4.7
1042941932	4.263636364
1042941933	4.263636364
1042941934	4.7
1042941935	4.263636364
1042941936	4.7
1042941937	4.7
1042941938	4.263636364
1042941939	4.7
1042941940	4.263636364
1042941941	4.7
1042941942	4.7
1042941943	4.7
1042941944	4.263636364
1042941945	7.9
1042941946	4.263636364
1042941947	3.5
1042941948	4.263636364
1042941949	4.7
1042944569	4.263636364
1042944570	4.263636364
1042944571	4.263636364
1042944572	4.263636364
1043076132	3.1
1043077081	5.9
1049169904	4.263636364
1049170289	4.263636364
1049170290	4.263636364
1049170415	4.263636364
1049170416	4.263636364
